  01  01  10  03  89  E8
  01  01  30  19  32  00
  01  00  00  01  02  03
  01  00  04  05  06  07
  01  00  08  09  0A  0B
  01  00  0C  0D  0E  0F
  01  00  10  11  12  13
  01  00  14  15  16  17
  01  00  18  19  1A  1B
  01  00  1C  1D  1E  1F
  01  00  20  21  22  23
  01  00  24  25  26  27
  01  00  28  29  2A  2B
  01  00  2C  2D  2E  2F
  01  00  30  31  00  00
  01  01  30  19  28  00
  01  00  00  01  02  03
  01  00  04  05  06  07
  01  00  08  09  0A  0B
  01  00  0C  0D  0E  0F
  01  00  10  11  12  13
  01  00  14  15  16  17
  01  00  18  19  1A  1B
  01  00  1C  1D  1E  1F
  01  00  20  21  22  23
  01  00  24  25  26  27
  01  01  30  19  23  00
  01  00  00  01  02  03
  01  00  04  05  06  07
  01  00  08  09  0A  0B
  01  00  0C  0D  0E  0F
  01  00  10  11  12  13
  01  00  14  15  16  17
  01  00  18  19  1A  1B
  01  00  1C  1D  1E  1F
  01  00  20  21  22  00
